12.9000000000000
11.3000000000000
10.6000000000000
11.2000000000000
10.9000000000000
7.50000000000000
7.70000000000000
11.7000000000000
12.9000000000000
14.3000000000000
10.9000000000000
13.7000000000000
17.1000000000000
14
15.3000000000000
8.50000000000000
5.70000000000000
5.50000000000000
7.60000000000000
8.60000000000000
7.30000000000000
7.60000000000000
12.7000000000000
11
12.7000000000000
12.9000000000000
13
10.9000000000000
10.4000000000000
10.2000000000000
8
10.9000000000000
13.6000000000000
10.5000000000000
9.20000000000000
12.4000000000000
12.7000000000000
13.3000000000000
10.1000000000000
7.80000000000000
4.80000000000000
3
2.50000000000000
6.30000000000000
9.70000000000000
11.6000000000000
8.60000000000000
12.4000000000000
10.5000000000000
13.3000000000000
10.4000000000000
8.10000000000000
3.70000000000000
10.7000000000000
5.10000000000000
10.4000000000000
10.9000000000000
11.7000000000000
11.4000000000000
13.7000000000000
14.1000000000000
14
12.5000000000000
6.30000000000000
9.60000000000000
11.7000000000000
5
10.8000000000000
12.7000000000000
10.8000000000000
11.8000000000000
12.6000000000000
15.7000000000000
12.6000000000000
14.8000000000000
7.80000000000000
7.10000000000000
11.2000000000000
8.10000000000000
6.40000000000000
5.20000000000000
12
10.2000000000000
12.7000000000000
10.2000000000000
14.7000000000000
12.2000000000000
7.10000000000000
5.70000000000000
6.70000000000000
3.90000000000000
8.50000000000000
8.30000000000000
10.8000000000000
16.7000000000000
12.6000000000000
12.5000000000000
12.5000000000000
9.80000000000000
7.20000000000000
4.10000000000000
10.6000000000000
10.1000000000000
10.1000000000000
11.9000000000000
13.6000000000000
16.3000000000000
17.6000000000000
15.5000000000000
16
15.2000000000000
11.2000000000000
14.3000000000000
14.5000000000000
8.50000000000000
12
12.7000000000000
11.3000000000000
14.5000000000000
15.1000000000000
10.4000000000000
11.5000000000000
13.4000000000000
7.50000000000000
0.600000000000000
0.300000000000000
5.50000000000000
5
4.60000000000000
8.20000000000000
9.90000000000000
9.20000000000000
12.5000000000000
10.9000000000000
9.90000000000000
8.90000000000000
7.60000000000000
9.50000000000000
8.40000000000000
10.7000000000000
13.6000000000000
13.7000000000000
13.7000000000000
16.5000000000000
16.8000000000000
17.1000000000000
15.4000000000000
9.50000000000000
6.10000000000000
10.1000000000000
9.30000000000000
5.30000000000000
11.2000000000000
16.6000000000000
15.6000000000000
12
11.5000000000000
8.60000000000000
13.8000000000000
8.70000000000000
8.60000000000000
8.60000000000000
8.70000000000000
12.8000000000000
13.2000000000000
14
13.4000000000000
14.8000000000000